 &plot nbnd=   8, nks=    91 /
            0.000000  0.000000  0.000000
  -12.740   -4.920   -2.935   -2.935    0.077    0.709    1.267    1.267
            0.016667  0.009623  0.000000
  -12.737   -4.918   -2.965   -2.941    0.104    0.711    1.264    1.279
            0.033333  0.019245  0.000000
  -12.727   -4.912   -3.051   -2.959    0.178    0.718    1.259    1.316
            0.050000  0.028868  0.000000
  -12.711   -4.901   -3.183   -2.989    0.286    0.728    1.258    1.376
            0.066667  0.038490  0.000000
  -12.689   -4.887   -3.351   -3.029    0.404    0.742    1.276    1.459
            0.083333  0.048113  0.000000
  -12.660   -4.871   -3.543   -3.078    0.500    0.760    1.333    1.563
            0.100000  0.057735  0.000000
  -12.625   -4.856   -3.747   -3.134    0.549    0.782    1.449    1.687
            0.116667  0.067358  0.000000
  -12.583   -4.849   -3.951   -3.197    0.547    0.807    1.626    1.829
            0.133333  0.076980  0.000000
  -12.535   -4.863   -4.138   -3.264    0.508    0.832    1.844    1.987
            0.150000  0.086603  0.000000
  -12.481   -4.924   -4.278   -3.334    0.446    0.856    2.086    2.160
            0.166667  0.096225  0.000000
  -12.421   -5.054   -4.346   -3.407    0.371    0.877    2.334    2.346
            0.183333  0.105848  0.000000
  -12.354   -5.242   -4.352   -3.480    0.289    0.892    2.543    2.555
            0.200000  0.115470  0.000000
  -12.282   -5.462   -4.321   -3.553    0.204    0.896    2.659    2.751
            0.216667  0.125093  0.000000
  -12.203   -5.697   -4.269   -3.625    0.116    0.886    2.644    2.967
            0.233333  0.134715  0.000000
  -12.119   -5.938   -4.203   -3.696    0.029    0.856    2.599    3.190
            0.250000  0.144338  0.000000
  -12.029   -6.181   -4.127   -3.764   -0.057    0.803    2.562    3.418
            0.266667  0.153960  0.000000
  -11.934   -6.424   -4.044   -3.830   -0.141    0.725    2.545    3.646
            0.283333  0.163583  0.000000
  -11.833   -6.664   -3.954   -3.892   -0.222    0.623    2.553    3.871
            0.300000  0.173205  0.000000
  -11.728   -6.901   -3.951   -3.858   -0.300    0.502    2.586    4.087
            0.316667  0.182828  0.000000
  -11.618   -7.134   -4.007   -3.757   -0.375    0.366    2.642    4.254
            0.333333  0.192450  0.000000
  -11.503   -7.361   -4.058   -3.652   -0.448    0.221    2.716    4.374
            0.350000  0.202073  0.000000
  -11.386   -7.581   -4.105   -3.544   -0.518    0.073    2.806    4.494
            0.366667  0.211695  0.000000
  -11.265   -7.794   -4.147   -3.434   -0.589   -0.072    2.909    4.610
            0.383333  0.221318  0.000000
  -11.144   -7.998   -4.185   -3.324   -0.663   -0.207    3.021    4.716
            0.400000  0.230940  0.000000
  -11.023   -8.191   -4.217   -3.214   -0.742   -0.325    3.141    4.767
            0.416667  0.240563  0.000000
  -10.905   -8.370   -4.246   -3.108   -0.829   -0.420    3.266    4.783
            0.433333  0.250185  0.000000
  -10.793   -8.532   -4.269   -3.009   -0.920   -0.492    3.391    4.790
            0.450000  0.259808  0.000000
  -10.693   -8.670   -4.287   -2.921   -1.007   -0.542    3.511    4.762
            0.466667  0.269430  0.000000
  -10.612   -8.779   -4.299   -2.852   -1.081   -0.574    3.617    4.686
            0.483333  0.279053  0.000000
  -10.558   -8.849   -4.307   -2.806   -1.130   -0.593    3.694    4.622
            0.500000  0.288675  0.000000
  -10.540   -8.874   -4.310   -2.790   -1.147   -0.599    3.723    4.596
            0.494443  0.298296  0.000000
  -10.538   -8.874   -4.318   -2.788   -1.147   -0.589    3.721    4.597
            0.488887  0.307916  0.000000
  -10.535   -8.874   -4.341   -2.783   -1.147   -0.558    3.715    4.600
            0.483330  0.317537  0.000000
  -10.529   -8.875   -4.380   -2.774   -1.148   -0.509    3.704    4.604
            0.477773  0.327157  0.000000
  -10.521   -8.875   -4.431   -2.761   -1.149   -0.441    3.686    4.604
            0.472217  0.336778  0.000000
  -10.511   -8.876   -4.494   -2.747   -1.151   -0.356    3.661    4.535
            0.466660  0.346399  0.000000
  -10.498   -8.877   -4.567   -2.730   -1.153   -0.255    3.627    4.470
            0.461103  0.356019  0.000000
  -10.484   -8.879   -4.647   -2.710   -1.155   -0.141    3.583    4.414
            0.455547  0.365640  0.000000
  -10.466   -8.881   -4.734   -2.689   -1.159   -0.014    3.527    4.370
            0.449990  0.375260  0.000000
  -10.447   -8.884   -4.824   -2.667   -1.163    0.125    3.460    4.338
            0.444433  0.384881  0.000000
  -10.425   -8.888   -4.918   -2.642   -1.168    0.273    3.385    4.317
            0.438877  0.394502  0.000000
  -10.401   -8.893   -5.013   -2.616   -1.174    0.431    3.303    4.307
            0.433320  0.404122  0.000000
  -10.375   -8.900   -5.109   -2.588   -1.182    0.596    3.217    4.305
            0.427763  0.413743  0.000000
  -10.347   -8.907   -5.204   -2.558   -1.191    0.768    3.129    4.311
            0.422207  0.423363  0.000000
  -10.316   -8.917   -5.298   -2.527   -1.202    0.947    3.040    4.322
            0.416650  0.432984  0.000000
  -10.283   -8.929   -5.390   -2.494   -1.215    1.131    2.952    4.338
            0.411093  0.442604  0.000000
  -10.248   -8.944   -5.478   -2.459   -1.231    1.321    2.866    4.358
            0.405537  0.452225  0.000000
  -10.210   -8.961   -5.563   -2.422   -1.248    1.515    2.784    4.382
            0.399980  0.461846  0.000000
  -10.170   -8.981   -5.643   -2.384   -1.269    1.713    2.706    4.407
            0.394423  0.471466  0.000000
  -10.128   -9.004   -5.719   -2.343   -1.292    1.914    2.632    4.434
            0.388867  0.481087  0.000000
  -10.084   -9.031   -5.789   -2.301   -1.319    2.119    2.563    4.462
            0.383310  0.490707  0.000000
  -10.037   -9.061   -5.853   -2.257   -1.348    2.326    2.500    4.490
            0.377753  0.500328  0.000000
   -9.989   -9.096   -5.911   -2.210   -1.381    2.444    2.536    4.517
            0.372197  0.509948  0.000000
   -9.938   -9.134   -5.962   -2.162   -1.418    2.393    2.747    4.540
            0.366640  0.519569  0.000000
   -9.884   -9.177   -6.006   -2.112   -1.458    2.349    2.959    4.557
            0.361083  0.529190  0.000000
   -9.829   -9.224   -6.043   -2.061   -1.502    2.313    3.170    4.565
            0.355527  0.538810  0.000000
   -9.771   -9.275   -6.073   -2.007   -1.550    2.282    3.379    4.511
            0.349970  0.548431  0.000000
   -9.711   -9.330   -6.097   -1.951   -1.600    2.259    3.580    4.440
            0.344413  0.558051  0.000000
   -9.649   -9.389   -6.113   -1.894   -1.655    2.243    3.767    4.375
            0.338857  0.567672  0.000000
   -9.585   -9.452   -6.123   -1.834   -1.712    2.233    3.912    4.337
            0.333300  0.577293  0.000000
   -9.518   -9.518   -6.126   -1.774   -1.773    2.230    3.967    4.372
            0.322190  0.558049  0.005389
   -9.659   -9.378   -6.114   -1.903   -1.645    2.242    3.854    4.204
            0.311080  0.538806  0.010778
   -9.810   -9.230   -6.079   -2.042   -1.510    2.278    3.670    4.018
            0.299970  0.519563  0.016167
   -9.968   -9.073   -6.024   -2.187   -1.369    2.335    3.475    3.826
            0.288860  0.500320  0.021556
  -10.131   -8.907   -5.951   -2.338   -1.221    2.410    3.280    3.635
            0.277750  0.481077  0.026944
  -10.296   -8.733   -5.862   -2.492   -1.067    2.499    3.089    3.450
            0.266640  0.461834  0.032333
  -10.462   -8.551   -5.759   -2.647   -0.908    2.595    2.903    3.278
            0.255530  0.442591  0.037722
  -10.627   -8.361   -5.645   -2.802   -0.745    2.679    2.725    3.136
            0.244420  0.423348  0.043111
  -10.790   -8.162   -5.520   -2.955   -0.577    2.555    2.693    3.082
            0.233310  0.404105  0.048500
  -10.949   -7.956   -5.386   -3.105   -0.407    2.393    2.600    3.150
            0.222200  0.384862  0.053889
  -11.105   -7.742   -5.245   -3.252   -0.236    2.241    2.462    3.208
            0.211090  0.365619  0.059278
  -11.255   -7.520   -5.097   -3.394   -0.067    2.098    2.314    3.076
            0.199980  0.346376  0.064667
  -11.400   -7.291   -4.945   -3.531    0.099    1.964    2.167    2.961
            0.188870  0.327132  0.070056
  -11.539   -7.056   -4.788   -3.662    0.258    1.841    2.024    2.867
            0.177760  0.307889  0.075444
  -11.672   -6.814   -4.629   -3.786    0.405    1.728    1.886    2.799
            0.166650  0.288646  0.080833
  -11.797   -6.566   -4.469   -3.902    0.536    1.626    1.754    2.759
            0.155540  0.269403  0.086222
  -11.916   -6.313   -4.309   -4.010    0.647    1.534    1.629    2.752
            0.144430  0.250160  0.091611
  -12.027   -6.057   -4.151   -4.109    0.734    1.452    1.509    2.776
            0.133320  0.230917  0.097000
  -12.131   -5.800   -4.196   -3.996    0.797    1.380    1.396    2.825
            0.122210  0.211674  0.102389
  -12.227   -5.545   -4.269   -3.845    0.837    1.288    1.320    2.871
            0.111100  0.192431  0.107778
  -12.315   -5.301   -4.319   -3.702    0.859    1.184    1.271    2.860
            0.099990  0.173188  0.113167
  -12.395   -5.086   -4.331   -3.567    0.865    1.083    1.235    2.794
            0.088880  0.153945  0.118556
  -12.467   -4.932   -4.273   -3.441    0.860    0.983    1.212    2.662
            0.077770  0.134702  0.123944
  -12.531   -4.861   -4.126   -3.327    0.846    0.879    1.202    2.335
            0.066660  0.115459  0.129333
  -12.586   -4.848   -3.918   -3.226    0.766    0.828    1.203    2.034
            0.055550  0.096215  0.134722
  -12.633   -4.859   -3.689   -3.138    0.639    0.808    1.212    1.778
            0.044440  0.076972  0.140111
  -12.672   -4.877   -3.462   -3.066    0.496    0.790    1.226    1.576
            0.033330  0.057729  0.145500
  -12.701   -4.895   -3.256   -3.009    0.346    0.774    1.241    1.430
            0.022220  0.038486  0.150889
  -12.723   -4.909   -3.087   -2.968    0.209    0.761    1.254    1.336
            0.011110  0.019243  0.156278
  -12.736   -4.918   -2.974   -2.943    0.112    0.754    1.263    1.283
            0.000000  0.000000  0.161667
  -12.740   -4.921   -2.935   -2.935    0.077    0.751    1.267    1.267
