 &plot nbnd=  10, nks=    91 /
            0.000000  0.000000  0.000000
  -13.678   -9.135   -5.882   -3.411   -3.403   -1.101    0.508    0.517    0.766    1.204
            0.016667  0.009623  0.000000
  -13.675   -9.134   -5.882   -3.437   -3.415   -1.075    0.505    0.527    0.770    1.209
            0.033333  0.019246  0.000000
  -13.666   -9.132   -5.881   -3.526   -3.435   -1.001    0.493    0.562    0.782    1.222
            0.050000  0.028868  0.000000
  -13.651   -9.128   -5.881   -3.662   -3.466   -0.894    0.477    0.620    0.804    1.242
            0.066667  0.038491  0.000000
  -13.630   -9.122   -5.881   -3.832   -3.507   -0.774    0.464    0.699    0.837    1.270
            0.083333  0.048114  0.000000
  -13.603   -9.116   -5.880   -4.024   -3.558   -0.658    0.462    0.797    0.882    1.303
            0.100000  0.057737  0.000000
  -13.570   -9.108   -5.880   -4.231   -3.616   -0.567    0.481    0.913    0.940    1.343
            0.116667  0.067360  0.000000
  -13.531   -9.101   -5.881   -4.446   -3.681   -0.512    0.527    1.015    1.044    1.390
            0.133333  0.076982  0.000000
  -13.486   -9.093   -5.882   -4.664   -3.749   -0.496    0.594    1.105    1.189    1.445
            0.150000  0.086605  0.000000
  -13.436   -9.086   -5.885   -4.882   -3.822   -0.512    0.672    1.203    1.345    1.515
            0.166667  0.096228  0.000000
  -13.380   -9.081   -5.890   -5.097   -3.895   -0.549    0.751    1.293    1.509    1.607
            0.183333  0.105851  0.000000
  -13.318   -9.079   -5.898   -5.304   -3.970   -0.600    0.827    1.361    1.680    1.723
            0.200000  0.115473  0.000000
  -13.251   -9.080   -5.913   -5.500   -4.044   -0.658    0.899    1.402    1.851    1.855
            0.216667  0.125096  0.000000
  -13.178   -9.086   -5.944   -5.671   -4.118   -0.718    0.967    1.414    1.976    2.027
            0.233333  0.134719  0.000000
  -13.100   -9.098   -6.019   -5.789   -4.190   -0.779    1.030    1.399    2.077    2.197
            0.250000  0.144342  0.000000
  -13.017   -9.118   -6.145   -5.845   -4.259   -0.838    1.086    1.357    2.143    2.334
            0.266667  0.153965  0.000000
  -12.929   -9.148   -6.285   -5.873   -4.326   -0.894    1.129    1.296    2.195    2.439
            0.283333  0.163587  0.000000
  -12.837   -9.189   -6.419   -5.893   -4.389   -0.946    1.134    1.250    2.250    2.553
            0.300000  0.173210  0.000000
  -12.740   -9.242   -6.539   -5.911   -4.449   -0.993    1.067    1.257    2.314    2.674
            0.316667  0.182833  0.000000
  -12.640   -9.307   -6.642   -5.929   -4.504   -1.036    0.972    1.279    2.391    2.801
            0.333333  0.192456  0.000000
  -12.537   -9.384   -6.727   -5.948   -4.556   -1.074    0.871    1.298    2.480    2.889
            0.350000  0.202079  0.000000
  -12.431   -9.473   -6.795   -5.967   -4.603   -1.106    0.771    1.311    2.581    2.933
            0.366667  0.211701  0.000000
  -12.323   -9.570   -6.846   -5.987   -4.646   -1.134    0.676    1.318    2.693    2.962
            0.383333  0.221324  0.000000
  -12.215   -9.675   -6.884   -6.008   -4.684   -1.157    0.589    1.320    2.816    2.979
            0.400000  0.230947  0.000000
  -12.109   -9.782   -6.910   -6.027   -4.717   -1.176    0.510    1.320    2.949    2.989
            0.416667  0.240570  0.000000
  -12.006   -9.889   -6.927   -6.046   -4.746   -1.190    0.441    1.317    2.993    3.090
            0.433333  0.250192  0.000000
  -11.910   -9.990   -6.937   -6.063   -4.769   -1.202    0.383    1.313    2.994    3.239
            0.450000  0.259815  0.000000
  -11.826  -10.080   -6.942   -6.078   -4.787   -1.210    0.337    1.309    2.993    3.396
            0.466667  0.269438  0.000000
  -11.759  -10.152   -6.944   -6.089   -4.800   -1.215    0.304    1.306    2.992    3.559
            0.483333  0.279061  0.000000
  -11.715  -10.199   -6.944   -6.096   -4.808   -1.218    0.284    1.304    2.991    3.726
            0.500000  0.288684  0.000000
  -11.699  -10.216   -6.945   -6.098   -4.811   -1.220    0.277    1.303    2.991    3.903
            0.483333  0.291890  0.000000
  -11.705  -10.209   -6.944   -6.097   -4.816   -1.209    0.281    1.304    2.980    3.788
            0.466667  0.295096  0.000000
  -11.722  -10.188   -6.942   -6.095   -4.834   -1.177    0.292    1.306    2.947    3.690
            0.450000  0.298303  0.000000
  -11.750  -10.154   -6.938   -6.091   -4.861   -1.126    0.312    1.308    2.896    3.605
            0.433333  0.301509  0.000000
  -11.786  -10.111   -6.933   -6.086   -4.898   -1.055    0.339    1.312    2.828    3.533
            0.416667  0.304715  0.000000
  -11.828  -10.058   -6.925   -6.080   -4.943   -0.968    0.375    1.314    2.748    3.470
            0.400000  0.307921  0.000000
  -11.876  -10.000   -6.913   -6.074   -4.993   -0.865    0.419    1.316    2.661    3.417
            0.383333  0.311128  0.000000
  -11.927   -9.938   -6.898   -6.068   -5.048   -0.749    0.473    1.315    2.570    3.370
            0.366667  0.314334  0.000000
  -11.979   -9.873   -6.878   -6.063   -5.104   -0.623    0.537    1.311    2.479    3.329
            0.350000  0.317540  0.000000
  -12.033   -9.808   -6.854   -6.059   -5.160   -0.488    0.611    1.301    2.389    3.292
            0.333333  0.320747  0.000000
  -12.086   -9.745   -6.824   -6.058   -5.214   -0.347    0.697    1.286    2.304    3.260
            0.316667  0.323953  0.000000
  -12.139   -9.684   -6.788   -6.059   -5.264   -0.203    0.796    1.263    2.225    3.231
            0.300000  0.327159  0.000000
  -12.190   -9.626   -6.747   -6.063   -5.308   -0.057    0.907    1.232    2.153    3.204
            0.283333  0.330366  0.000000
  -12.239   -9.573   -6.701   -6.071   -5.345    0.087    1.029    1.193    2.089    3.170
            0.266667  0.333572  0.000000
  -12.285   -9.526   -6.653   -6.080   -5.372    0.229    1.108    1.200    2.034    2.959
            0.250000  0.336778  0.000000
  -12.329   -9.484   -6.605   -6.090   -5.387    0.365    1.055    1.338    1.989    2.684
            0.233333  0.339985  0.000000
  -12.370   -9.447   -6.560   -6.098   -5.390    0.496    0.974    1.497    1.953    2.425
            0.216667  0.343191  0.000000
  -12.407   -9.417   -6.524   -6.100   -5.380    0.617    0.873    1.652    1.921    2.211
            0.200000  0.346397  0.000000
  -12.441   -9.391   -6.502   -6.093   -5.355    0.705    0.776    1.737    1.883    2.123
            0.183333  0.349604  0.000000
  -12.471   -9.372   -6.496   -6.077   -5.314    0.587    0.848    1.643    1.893    2.218
            0.166667  0.352810  0.000000
  -12.498   -9.357   -6.504   -6.054   -5.257    0.416    0.940    1.507    1.916    2.394
            0.150000  0.356016  0.000000
  -12.520   -9.346   -6.521   -6.030   -5.186    0.225    1.017    1.388    1.948    2.586
            0.133333  0.359222  0.000000
  -12.539   -9.340   -6.545   -6.007   -5.102    0.023    1.075    1.296    1.993    2.747
            0.116667  0.362429  0.000000
  -12.553   -9.337   -6.572   -5.988   -5.010   -0.181    1.101    1.240    2.051    2.817
            0.100000  0.365635  0.000000
  -12.563   -9.337   -6.599   -5.973   -4.913   -0.379    1.078    1.233    2.120    2.832
            0.083333  0.368841  0.000000
  -12.569   -9.340   -6.626   -5.962   -4.817   -0.563    1.034    1.248    2.195    2.837
            0.066667  0.372048  0.000000
  -12.571   -9.345   -6.651   -5.954   -4.728   -0.728    0.990    1.264    2.271    2.842
            0.050000  0.375254  0.000000
  -12.569   -9.352   -6.675   -5.949   -4.652   -0.867    0.951    1.276    2.343    2.851
            0.033333  0.378460  0.000000
  -12.562   -9.362   -6.695   -5.947   -4.594   -0.974    0.919    1.285    2.406    2.864
            0.016667  0.381667  0.000000
  -12.551   -9.373   -6.713   -5.947   -4.559   -1.043    0.893    1.292    2.453    2.878
            0.000000  0.384873  0.000000
  -12.536   -9.386   -6.727   -5.949   -4.553   -1.070    0.873    1.295    2.480    2.888
            0.000000  0.372044  0.003240
  -12.605   -9.333   -6.673   -5.936   -4.519   -1.046    0.940    1.284    2.418    2.848
            0.000000  0.359215  0.006480
  -12.673   -9.285   -6.610   -5.924   -4.483   -1.019    1.006    1.270    2.361    2.799
            0.000000  0.346386  0.009720
  -12.740   -9.243   -6.540   -5.912   -4.445   -0.990    1.068    1.255    2.308    2.694
            0.000000  0.333557  0.012960
  -12.805   -9.206   -6.462   -5.900   -4.406   -0.959    1.119    1.247    2.261    2.621
            0.000000  0.320727  0.016200
  -12.868   -9.175   -6.377   -5.888   -4.365   -0.925    1.140    1.260    2.218    2.550
            0.000000  0.307898  0.019440
  -12.929   -9.149   -6.287   -5.874   -4.322   -0.890    1.128    1.297    2.178    2.482
            0.000000  0.295069  0.022680
  -12.988   -9.128   -6.193   -5.857   -4.278   -0.853    1.101    1.338    2.141    2.405
            0.000000  0.282240  0.025920
  -13.045   -9.111   -6.101   -5.833   -4.232   -0.815    1.067    1.373    2.103    2.302
            0.000000  0.269411  0.029160
  -13.100   -9.099   -6.020   -5.791   -4.186   -0.775    1.029    1.397    2.062    2.193
            0.000000  0.256582  0.032400
  -13.152   -9.089   -5.963   -5.720   -4.138   -0.735    0.988    1.410    2.011    2.080
            0.000000  0.243753  0.035640
  -13.202   -9.083   -5.931   -5.621   -4.090   -0.694    0.944    1.410    1.949    1.965
            0.000000  0.230924  0.038880
  -13.250   -9.080   -5.913   -5.503   -4.040   -0.654    0.899    1.397    1.849    1.875
            0.000000  0.218095  0.042120
  -13.296   -9.079   -5.902   -5.374   -3.991   -0.615    0.851    1.371    1.733    1.797
            0.000000  0.205266  0.045360
  -13.339   -9.079   -5.895   -5.240   -3.941   -0.578    0.802    1.332    1.618    1.721
            0.000000  0.192436  0.048600
  -13.380   -9.081   -5.890   -5.100   -3.891   -0.546    0.750    1.282    1.504    1.651
            0.000000  0.179607  0.051840
  -13.418   -9.084   -5.887   -4.958   -3.841   -0.519    0.698    1.222    1.394    1.591
            0.000000  0.166778  0.055080
  -13.453   -9.089   -5.884   -4.813   -3.792   -0.501    0.645    1.157    1.287    1.542
            0.000000  0.153949  0.058320
  -13.486   -9.093   -5.883   -4.668   -3.745   -0.494    0.595    1.092    1.184    1.500
            0.000000  0.141120  0.061560
  -13.517   -9.098   -5.882   -4.522   -3.698   -0.501    0.549    1.032    1.086    1.465
            0.000000  0.128291  0.064800
  -13.545   -9.103   -5.881   -4.378   -3.653   -0.524    0.511    0.977    0.993    1.434
            0.000000  0.115462  0.068040
  -13.570   -9.108   -5.881   -4.235   -3.611   -0.566    0.485    0.907    0.929    1.408
            0.000000  0.102633  0.071280
  -13.593   -9.113   -5.880   -4.097   -3.571   -0.624    0.470    0.828    0.888    1.384
            0.000000  0.089804  0.074520
  -13.613   -9.118   -5.880   -3.963   -3.534   -0.695    0.465    0.756    0.854    1.363
            0.000000  0.076975  0.077760
  -13.630   -9.122   -5.881   -3.837   -3.501   -0.774    0.469    0.692    0.826    1.344
            0.000000  0.064145  0.081001
  -13.645   -9.126   -5.881   -3.721   -3.473   -0.855    0.478    0.637    0.803    1.328
            0.000000  0.051316  0.084241
  -13.657   -9.129   -5.881   -3.618   -3.448   -0.933    0.489    0.591    0.784    1.314
            0.000000  0.038487  0.087481
  -13.666   -9.132   -5.881   -3.532   -3.429   -1.001    0.500    0.555    0.771    1.303
            0.000000  0.025658  0.090721
  -13.673   -9.133   -5.882   -3.467   -3.415   -1.055    0.509    0.529    0.761    1.295
            0.000000  0.012829  0.093961
  -13.677   -9.135   -5.882   -3.425   -3.406   -1.089    0.513    0.515    0.756    1.290
            0.000000  0.000000  0.097201
  -13.678   -9.135   -5.882   -3.411   -3.403   -1.101    0.508    0.517    0.754    1.288
